camera.position.set(-40.52557196473098, 35.56176165064462, 50.309479044374385)
camera.rotation.set(-0.509896777024888, -0.5815174032907898, -0.2980282538699396)
camera.position.set(-58.24139886997644, 2.875586138084126, -34.243313161518664)
camera.rotation.set(-3.05781410070787, -1.0377442004865245, -3.0693939490520172) 

camera.position.set(-63.3002408153416, 23.634035333686413, -27.314260249838544)
camera.rotation.set(-1.501347904121083, -1.2286655298431155, -1.4970901806268542)

camera.position.set(-25.47669529672249, 0.33046599118074077, 8.293155668515276)
camera.rotation.set(-0.01221777566778151, -0.4440932054159549, -0.005249448607348914)

camera.position.set(-3.021511925712245, 3.3638037023174645, 50.07536649755656)
camera.rotation.set(-0.09228531431435684, -0.6307236293716585, -0.05452428766955347)

camera.position.set(-55.32932892647763, 2.7318068311799237, -32.531147503442725)
camera.rotation.set(-0.4680924005206057, -1.148926425792831, -0.43216386530183837)

camera.position.set(-10.798981795207517, -61.158942505821635, -97.7012709244998)
camera.rotation.set(2.6097297156701416, 0.13249588759055045, -3.0640130535378316)

camera.position.set(51.73550644744252, -196.59740301697673, -107.93385121043836)
camera.rotation.set(1.570796489291199, -9.872041485949272e-7, 1.733935986899404)