tweenAnimate(-58.24139886997644, 2.875586138084126, -34.243313161518664, -3.05781410070787, -1.0377442004865245, -3.0693939490520172);

tweenAnimate(-409.0108195602929, 20.19432681690466, -240.47989664397596,-3.0578141007078696, -1.0377442004865243, -3.0693939490520172);

tweenAnimate(-0.02400458869863442, -56.59860781300542, -28.62484159728269,1.6701083149188845, -0.19738271545085728, 2.0409011882302535);

tweenAnimate(16.475657848670124, 25.114682669645752, 54.77317221956686,-0.4407603242588318, -0.11467680866013255, -0.05392335175378135);

tweenAnimate(-27.60641544167389, 1.6835178531660033, -61.676450174650796,-3.0578141007078696, -1.0377442004865245, -3.0693939490520172);

tweenAnimate(-89.2434878991418, -68.4755443177369, -70.42994976412581, 2.5110901037801403, -0.3273864917960371, 2.9110568442534364);

tweenAnimate(-43.45513917603582, 5.18019343729509, -246.00651738997183,-3.065082675398446, 0.20382042804250275, 45.1260770607094073);
